0,1,2,3,4,5,6,7,8,9,10,11,12,13,14,15,16,17,18,19,20,21,22,23,24,25,26,27,28,29,30,31,32,33,34,35,36,37,38,39,40,41,42,43,44,45,46,47,48,49,50,51,52,53,54,55,56,57,58,59,60,61,62,63,64,65,66,67,68,69,70,71,72,73,74,75,76,77,78,79,80,81,82,83,84,85,86,87,88,89,90,91,92,93,94,95,96,97,98,99
0.0,0.13810604028520834,0.11888429199960149,0.5017344471942217,0.0751450906192156,0.07810824248112647,0.35405082904613855,0.12409643965785944,0.45091196373965436,0.06557348832853227,0.3767144631013387,0.2629611030718969,0.04613468656310771,0.28299836941781864,0.03065116032803139,0.32256153773715834,0.03506667666806462,0.17432158683536725,0.2605597690521856,0.3386921178935677,0.17943998687174556,0.17538228734989625,0.09497191941954586,0.3700763468750522,0.11754427042301174,0.008554760871459455,0.1266935183892417,0.23990690372041934,0.09529947917161663,0.29590097937158266,0.20470692577884264,0.23925684884990506,0.047255170252460954,0.016386763246610814,0.14566916324145018,0.017702062586316236,0.2773701660922988,0.2568033170147601,0.19514465783682783,0.08312467442909377,0.03289854157069527,0.024901373965629747,0.5791557784880771,0.4242223122902174,0.19679033002908586,0.5363626456550977,0.11227784127536966,0.2292521686710528,0.3063234618494788,0.2834905182198772,0.1531647404000398,0.5390819406877149,0.012466317458995846,0.307191916860442,0.1869567170482781,0.22102043254051323,0.029656258463238383,0.057223144093920375,0.09154145632052668,0.028097421173051362,0.09091395279896686,0.11449736683494993,0.6686668509451871,0.10636983381472864,0.16007231958992463,0.06872882088358556,0.3648608285807037,0.05100537593854437,0.2530595228425208,0.01953118664372766,0.42400169250713626,0.3770399105512928,0.1782324736608133,0.145109334514964,0.4223135360167384,0.010003499010073358,0.2784249443380805,0.15301151819425896,0.4272708339212382,0.11517334191803885,0.17313257603817223,0.2441718449959539,0.3138000155248518,0.22216874336519388,0.2541371004533951,0.115245741267468,0.5169871835534411,0.03508713115761963,0.5507414438978676,0.109491996967369,0.21870553051103692,0.03831115885157588,0.22649143731287869,0.2950677139338389,0.3900026979251042,0.028523990910984787,0.058396966186907595,0.21634933464999923,0.13287816005891817,0.2830388364970826
0.13810604028520834,0.0,0.25699033228480983,0.63984048747943,0.06296094966599275,0.2162142827663348,0.2159447887609302,0.2622024799430678,0.312805923454446,0.2036795286137406,0.5148205033865471,0.40106714335710525,0.18424072684831605,0.1448923291326103,0.10745487995717695,0.18445549745195,0.10303936361714372,0.036215546550158906,0.39866580933739393,0.476798158178776,0.04133394658653722,0.037276247064687906,0.2330779597047542,0.5081823871602605,0.2556503107082201,0.1295512794137489,0.26479955867445004,0.101800863435211,0.23340551945682497,0.434007019656791,0.342812966064051,0.3773628891351134,0.09085087003274739,0.15449280353181916,0.007563122956241841,0.15580810287152458,0.41547620637750715,0.11869727672955177,0.057038617551619486,0.05498136585611457,0.17100458185590361,0.1132046663195786,0.7172618187732854,0.28611627200500905,0.058684289743877516,0.6744686859403061,0.250383881560578,0.36735820895626115,0.16821742156427044,0.14538447793466885,0.29127078068524814,0.4009759004025065,0.1505723577442042,0.44529795714565035,0.32506275733348644,0.08291439225530489,0.16776229874844673,0.08088289619128797,0.22964749660573502,0.1662034614582597,0.2290199930841752,0.02360867345025841,0.8067728912303954,0.0317362064704797,0.29817835987513297,0.06937721940162278,0.502966868865912,0.18911141622375272,0.11495348255731247,0.157637226928936,0.2858956522219279,0.5151459508365012,0.31633851394602164,0.007003294229755652,0.5604195763019467,0.12810254127513498,0.14031890405287217,0.014905477909050613,0.5653768742064466,0.2532793822032472,0.31123861632338057,0.10606580471074556,0.45190605581006016,0.3602747836504022,0.39224314073860345,0.022860299017740338,0.6550932238386494,0.17319317144282798,0.41263540361265927,0.028614043317839344,0.08059949022582857,0.17641719913678422,0.364597477598087,0.15696167364863056,0.5281087382103126,0.10958204937422356,0.19650300647211594,0.07824329436479088,0.005227880226290171,0.14493279621187427
0.11888429199960149,0.25699033228480983,0.0,0.3828501551946202,0.19402938261881708,0.04077604951847502,0.47293512104574004,0.0052121476582579485,0.5697962557392559,0.05331080367106922,0.2578301711017372,0.14407681107229542,0.07274960543649378,0.40188266141742013,0.14953545232763288,0.44144582973675983,0.1539509686676661,0.29320587883496874,0.1416754770525841,0.2198078258939662,0.29832427887134705,0.29426657934949774,0.02391237258005563,0.2511920548754507,0.001340021576589745,0.12743905287106094,0.007809226389640211,0.35879119572002083,0.023584812827984858,0.17701668737198117,0.08582263377924115,0.12037255685030357,0.16613946225206244,0.10249752875299067,0.26455345524105167,0.10118222941328525,0.15848587409269732,0.3756876090143616,0.3140289498364293,0.20200896642869526,0.08598575042890622,0.14378566596523124,0.4602714864884756,0.5431066042898189,0.31567462202868735,0.41747835365549624,0.006606450724231827,0.11036787667145131,0.42520775384908027,0.4023748102194787,0.03428044840043831,0.6579662326873164,0.10641797454060564,0.18830762486084052,0.06807242504867661,0.3399047245401147,0.0892280335363631,0.17610743609352186,0.027342835679074806,0.09078687082655013,0.02797033920063463,0.23338165883455142,0.5497825589455856,0.22525412581433013,0.04118802759032314,0.18761311288318705,0.2459765365811022,0.06787891606105712,0.3719438148421223,0.09935310535587383,0.5428859845067378,0.25815561855169133,0.05934818166121181,0.2639936265145655,0.3034292440171369,0.12888779100967485,0.397309236337682,0.27189581019386044,0.3083865419216367,0.003710950081562636,0.05424828403857074,0.3630561369955554,0.19491572352525033,0.10328445136559239,0.13525280845379362,0.2341300332670695,0.3981028915538396,0.08379716084198185,0.6696257358974691,0.2283762889669705,0.3375898225106384,0.08057313314802561,0.1076071453132772,0.4139520059334404,0.27111840592550274,0.14740828291058627,0.06048732581269389,0.3352336266496007,0.25176245205851966,0.4019231284966841
0.5017344471942217,0.63984048747943,0.3828501551946202,0.0,0.5768795378134373,0.4236262047130952,0.8557852762403602,0.37763800753636223,0.952646410933876,0.4361609588656894,0.12501998409288295,0.23877334412232476,0.45559976063111396,0.7847328166120403,0.5323856075222531,0.82429598493138,0.5368011238622863,0.6760560340295889,0.24117467814203608,0.163042329300654,0.6811744340659672,0.6771167345441179,0.4067625277746758,0.13165810031916947,0.3841901767712099,0.5102892080656811,0.37504092880497997,0.741641350914641,0.40643496802260504,0.205833467822639,0.297027521415379,0.2624775983443166,0.5489896174466826,0.48534768394761085,0.6474036104356719,0.48403238460790543,0.22436428110192286,0.7585377642089818,0.6968791050310494,0.5848591216233154,0.4688359056235264,0.5266358211598514,0.07742133129385542,0.9259567594844391,0.6985247772233075,0.03462819846087606,0.389456605918852,0.27248227852316886,0.8080579090437005,0.7852249654140988,0.34856970679418187,1.0408163878819365,0.4892681297352258,0.19454253033377966,0.31477773014594357,0.722754879734735,0.4720781887309833,0.558957591288142,0.410192990873695,0.4736370260211703,0.4108204943952548,0.6162318140291716,0.1669324037509654,0.6081042810089503,0.34166212760429704,0.5704632680778072,0.136873618613518,0.4507290712556773,0.7547939700367425,0.482203260550494,0.9257361397013579,0.12469453664292884,0.32350197353340837,0.6468437817091857,0.07942091117748329,0.511737946204295,0.7801593915323022,0.6547459653884806,0.07446361327298345,0.3865611052761828,0.32860187115604944,0.7459062921901756,0.18793443166936985,0.2795657038290278,0.24759734674082656,0.6169801884616897,0.015252736359219421,0.46664731603660203,1.0524758910920893,0.6112264441615907,0.7204399777052586,0.4634232883426458,0.275243009881343,0.7968021611280606,0.11173174926911744,0.5302584381052065,0.44333748100731407,0.718083781844221,0.6346126072531398,0.7847732836913043
0.0751450906192156,0.06296094966599275,0.19402938261881708,0.5768795378134373,0.0,0.15325333310034206,0.27890573842692296,0.19924153027707503,0.37576687312043877,0.14071857894774786,0.4518595537205543,0.3381061936911125,0.1212797771823233,0.20785327879860305,0.0444939302911842,0.24741644711794275,0.04007841395115097,0.09917649621615166,0.3357048596714012,0.41383720851278327,0.10429489625252997,0.10023719673068066,0.17011701003876145,0.4452214374942678,0.19268936104222734,0.06659032974775614,0.2018386090084573,0.16476181310120375,0.17044456979083222,0.37104606999079826,0.27985201639805823,0.31440193946912065,0.02788992036675464,0.0915318538658264,0.07052407262223459,0.09284715320553183,0.3525152567115144,0.18165822639554452,0.11999956721761224,0.007979583809878177,0.10804363218991087,0.050243716653585846,0.6543008691072927,0.3490772216710018,0.12164523940987026,0.6115077362743133,0.18742293189458525,0.3043972592902684,0.2311783712302632,0.2083454276006616,0.2283098310192554,0.4639368500684993,0.08761140807821144,0.3823370074796576,0.2621018076674937,0.14587534192129764,0.10480134908245398,0.017921946525295218,0.16668654693974227,0.10324251179226696,0.16605904341818245,0.03935227621573434,0.7438119415644027,0.03122474319551305,0.23521741020914022,0.006416269735630031,0.44000591919991927,0.12615046655775997,0.17791443222330522,0.09467627726294325,0.34885660188792067,0.4521850011705084,0.2533775642800289,0.0699642438957484,0.49745862663595397,0.06514159160914224,0.20327985371886492,0.07786642757504336,0.5024159245404538,0.19031843253725444,0.24827766665738782,0.1690267543767383,0.3889451061440674,0.29731383398440947,0.3292821910726107,0.04010065064825241,0.5921322741726567,0.11023222177683523,0.475596353278652,0.034346906348153405,0.14356043989182132,0.11345624947079147,0.3016365279320943,0.2199226233146233,0.4651477885443198,0.046621099708230807,0.1335420568061232,0.14120424403078363,0.05773306943970258,0.20789374587786702
0.07810824248112647,0.2162142827663348,0.04077604951847502,0.4236262047130952,0.15325333310034206,0.0,0.432159071527265,0.04598819717673297,0.5290202062207808,0.012534754152594196,0.29860622062021225,0.18485286059077044,0.03197355591801876,0.3611066118989451,0.10875940280915786,0.4006697802182848,0.11317491914919109,0.2524298293164937,0.18245152657105912,0.2605838754124412,0.257548229352872,0.2534905298310227,0.016863676938419392,0.29196810439392573,0.03943602794188528,0.08666300335258592,0.04858527590811523,0.3180151462015458,0.017191236690490164,0.2177927368904562,0.12659868329771617,0.1611486063687786,0.12536341273358742,0.06172147923451565,0.22377740572257665,0.06040617989481023,0.19926192361117234,0.3349115594958866,0.2732529003179543,0.16123291691022024,0.045209700910431194,0.10300961644675621,0.5010475360069506,0.5023305547713439,0.2748985725102123,0.45825440317397126,0.034169598794243194,0.15114392618992634,0.38443170433060525,0.36159876070100366,0.07505649791891333,0.6171901831688413,0.06564192502213062,0.22908367437931554,0.10884847456715163,0.2991286750216397,0.04845198401788808,0.13533138657504684,0.013433213839400215,0.050010821308075104,0.01280571031784039,0.1926056093160764,0.5905586084640606,0.1844780762958551,0.08196407710879816,0.14683706336471203,0.2867525860995772,0.027102866542582094,0.3311677653236473,0.058577055837398806,0.5021099349882627,0.29893166807016636,0.10012423117968683,0.22321757699609046,0.3442052935356119,0.08811174149119982,0.356533186819207,0.23111976067538542,0.34916259144011175,0.037065099436912385,0.09502433355704576,0.32228008747708037,0.23569177304372535,0.1440605008840674,0.17602885797226864,0.19335398374859447,0.4388789410723146,0.04302111132350683,0.6288496863789941,0.18760023944849546,0.2968137729921634,0.03979708362955059,0.14838319483175222,0.37317595641496537,0.31189445544397776,0.10663223339211125,0.01971127629421887,0.2944575771311257,0.21098640254004464,0.3611470789782091
0.35405082904613855,0.2159447887609302,0.47293512104574004,0.8557852762403602,0.27890573842692296,0.432159071527265,0.0,0.478147268703998,0.09686113469351579,0.4196243173746708,0.7307652921474772,0.6170119321180354,0.40018551560924626,0.07105245962831991,0.32339966871810716,0.031489291308980205,0.3189841523780739,0.1797292422107713,0.6146105980983241,0.6927429469397062,0.174610842174393,0.1786685416962423,0.4490227484656844,0.7241271759211907,0.4715950994691503,0.3454960681746791,0.48074434743538025,0.11414392532571921,0.4493503082177552,0.6499518084177212,0.5587577548249811,0.5933076778960436,0.3067956587936776,0.37043759229274936,0.20838166580468837,0.3717528916324548,0.6314209951384373,0.09724751203137844,0.15890617120931072,0.2709261546170448,0.3869493706168338,0.3291494550805088,0.9332066075342156,0.07017148324407885,0.1572604990170527,0.8904134747012362,0.4663286703215082,0.5833029977171913,0.047727367196659765,0.07056031082626135,0.5072155694461784,0.18503111164157635,0.3665171465051344,0.6612427459065806,0.5410075460944166,0.13303039650562531,0.38370708750937693,0.2968276849522182,0.44559228536666523,0.3821482502191899,0.4449647818451054,0.23955346221118862,1.0227176799913256,0.2476809952314099,0.5141231486360631,0.285322008162553,0.7189116576268422,0.4050562049846829,0.10099130620361774,0.3735820156898662,0.06995086346099771,0.7310907395974313,0.5322833027069518,0.20894149453117455,0.7763643650628769,0.3440473300360652,0.07562588470805803,0.2010393108518796,0.7813216629673767,0.4692241709641774,0.5271834050843107,0.10987898405018465,0.6678508445709903,0.5762195724113324,0.6081879294995336,0.23880508777867054,0.8710380125995796,0.3891379602037582,0.19669061485172903,0.24455883207876955,0.13534529853510163,0.3923619878977144,0.5805422663590172,0.058983115112299644,0.7440535269712427,0.32552683813515376,0.41244779523304614,0.13770149439613932,0.22117266898722038,0.07101199254905594
0.12409643965785944,0.2622024799430678,0.0052121476582579485,0.37763800753636223,0.19924153027707503,0.04598819717673297,0.478147268703998,0.0,0.5750084033975138,0.058522951329327166,0.2526180234434793,0.13886466341403747,0.07796175309475173,0.4070948090756781,0.15474759998589083,0.4466579773950178,0.15916311632592406,0.2984180264932267,0.13646332939432615,0.21459567823570824,0.303536426529605,0.2994787270077557,0.029124520238313578,0.24597990721719276,0.006552169234847693,0.1326512005293189,0.002597078731382263,0.3640033433782788,0.028796960486242806,0.17180453971372323,0.0806104861209832,0.11516040919204562,0.1713516099103204,0.10770967641124862,0.2697656028993096,0.1063943770715432,0.15327372643443937,0.38089975667261955,0.31924109749468726,0.2072211140869532,0.09119789808716416,0.14899781362348918,0.45505933883021765,0.5483187519480768,0.3208867696869453,0.4122662059972383,0.011818598382489776,0.10515572901319337,0.4304199015073382,0.40758695787773663,0.029068300742180364,0.6631783803455743,0.11163012219886359,0.18309547720258257,0.06286027739041866,0.34511687219837267,0.09444018119462105,0.1813195837517798,0.032554983337332755,0.09599901848480807,0.03318248685889258,0.23859380649280937,0.5445704112873276,0.23046627347258808,0.03597587993206519,0.192825260541445,0.24076438892284424,0.07309106371931506,0.37715596250038025,0.10456525301413178,0.5480981321649957,0.2529434708934334,0.05413603400295386,0.26920577417282343,0.29821709635887894,0.1340999386679328,0.40252138399593995,0.2771079578521184,0.3031743942633788,0.008923097739820585,0.04903613638031279,0.36826828465381334,0.18970357586699238,0.09807230370733444,0.13004066079553567,0.23934218092532744,0.39289074389558165,0.0890093085002398,0.674837883555727,0.23358843662522843,0.34280197016889635,0.08578528080628356,0.10239499765501925,0.41916415359169834,0.2659062582672448,0.15262043056884422,0.06569947347095184,0.34044577430785866,0.2569745997167776,0.40713527615494205
0.45091196373965436,0.312805923454446,0.5697962557392559,0.952646410933876,0.37576687312043877,0.5290202062207808,0.09686113469351579,0.5750084033975138,0.0,0.5164854520681866,0.8276264268409931,0.7138730668115513,0.49704665030276207,0.1679135943218357,0.420260803411623,0.128350426002496,0.41584528707158974,0.2765903769042871,0.71147173279184,0.789604081633222,0.2714719768679088,0.2755296763897581,0.5458838831592002,0.8209883106147066,0.5684562341626661,0.4423572028681949,0.5776054821288961,0.211005060019235,0.546211442911271,0.746812943111237,0.655618889518497,0.6901688125895594,0.4036567934871934,0.4672987269862652,0.3052428004982042,0.4686140263259706,0.7282821298319532,0.19410864672489422,0.2557673059028265,0.3677872893105606,0.48381050531034964,0.4260105897740246,1.0300677422277313,0.02668965144943694,0.2541216337105685,0.9872746093947521,0.563189805015024,0.6801641324107072,0.14458850189017555,0.16742144551977714,0.6040767041396942,0.08816997694806056,0.4633782811986502,0.7581038806000964,0.6378686807879325,0.2298915311991411,0.48056822220289275,0.393688819645734,0.542453420060181,0.4790093849127057,0.5418259165386212,0.33641459690470443,1.1195788146848413,0.3445421299249257,0.610984283329579,0.3821831428560688,0.815772792320358,0.5019173396781987,0.19785244089713352,0.470443150383382,0.026910271232518074,0.8279518742909472,0.6291444374004677,0.30580262922469037,0.8732254997563927,0.440908464729581,0.17248701940157382,0.2979004455453954,0.8781827976608926,0.5660853056576932,0.6240445397778266,0.20674011874370044,0.7647119792645062,0.6730807071048482,0.7050490641930495,0.33566622247218636,0.9678991472930955,0.485999094897274,0.09982948015821325,0.34141996677228537,0.23220643322861742,0.48922312259123024,0.677403401052533,0.15584424980581543,0.8409146616647586,0.4223879728286696,0.509308929926562,0.2345626290896551,0.3180338036807362,0.16787312724257172
0.06557348832853227,0.2036795286137406,0.05331080367106922,0.4361609588656894,0.14071857894774786,0.012534754152594196,0.4196243173746708,0.058522951329327166,0.5164854520681866,0.0,0.31114097477280644,0.19738761474336464,0.019438801765424563,0.3485718577463509,0.09622464865656366,0.3881350260656906,0.10064016499659689,0.23989507516389952,0.19498628072365332,0.2731186295650354,0.24501347520027783,0.24095577567842852,0.029398431091013588,0.30450285854651993,0.05197078209447947,0.07412824919999172,0.06112003006070943,0.3054803920489516,0.02972599084308436,0.2303274910430504,0.13913343745031037,0.1736833605213728,0.11282865858099322,0.049186725081921456,0.21124265156998245,0.047871425742216034,0.21179667776376654,0.3223768053432924,0.2607181461653601,0.14869816275762604,0.032674946757837,0.09047486229416202,0.5135822901595448,0.48979580061874967,0.26236381835761813,0.47078915732656546,0.04670435294683739,0.16367868034252053,0.37189695017801105,0.34906400654840947,0.08759125207150753,0.6046554290162471,0.053107170869536424,0.24161842853190973,0.12138322871974583,0.2865939208690455,0.03591722986529389,0.12279663242245265,0.025967967991994412,0.03747606715548091,0.025340464470434587,0.1800708551634822,0.6030933626166548,0.1719433221432609,0.09449883126139236,0.13430230921211783,0.2992873402521714,0.014568112389987897,0.3186330111710531,0.04604230168480461,0.48957518083566853,0.31146642222276055,0.11265898533228103,0.21068282284349626,0.3567400476882061,0.07557698733860563,0.3439984326666128,0.21858500652279123,0.36169734559270594,0.04959985358950658,0.10755908770963996,0.30974533332448617,0.24822652719631955,0.1565952550366616,0.18856361212486283,0.18081922959600027,0.4514136952249088,0.030486357170912637,0.6163149322263999,0.17506548529590127,0.2842790188395692,0.027262329476956393,0.16091794898434642,0.3606412022623712,0.32442920959657195,0.09409747923951706,0.007176522141624675,0.2819228229785315,0.19845164838745044,0.3486123248256149
0.3767144631013387,0.5148205033865471,0.2578301711017372,0.12501998409288295,0.4518595537205543,0.29860622062021225,0.7307652921474772,0.2526180234434793,0.8276264268409931,0.31114097477280644,0.0,0.11375336002944181,0.330579776538231,0.6597128325191574,0.4073656234293701,0.6992760008384971,0.41178113976940334,0.551036049936706,0.11615469404915313,0.038022345207771036,0.5561544499730843,0.552096750451235,0.28174254368179286,0.006638116226286517,0.25917019267832697,0.38526922397279817,0.250020944712097,0.616621366821758,0.2814149839297221,0.08081348372975605,0.17200753732249607,0.13745761425143366,0.42396963335379967,0.3603276998547279,0.5223836263427889,0.3590124005150225,0.0993442970090399,0.6335177801160988,0.5718591209381665,0.4598391375304325,0.34381592153064344,0.40161583706696846,0.20244131538673837,0.8009367753915562,0.5735047931304246,0.159648182553759,0.26443662182596905,0.1474622944302859,0.6830379249508175,0.6602049813212159,0.22354972270129891,0.9157964037890536,0.36424814564234287,0.06952254624089671,0.18975774605306062,0.597734895641852,0.34705820463810033,0.4339376071952591,0.28517300678081203,0.34861704192828735,0.28580051030237186,0.49121182993628865,0.29195238784384836,0.48308429691606736,0.2166421435114141,0.4454432839849243,0.011853634520635037,0.32570908716279434,0.6297739859438596,0.35718327645761105,0.800716155608475,0.00032544744995410824,0.19848198944052542,0.5218237976163027,0.04559907291539966,0.3867179621114121,0.6551394074394192,0.5297259812955977,0.0505563708198995,0.26154112118329986,0.2035818870631665,0.6208863080972926,0.0629144475764869,0.15454571973614484,0.12257736264794361,0.4919602043688067,0.14027272045210237,0.3416273319437191,0.9274559069992063,0.4862064600687077,0.5954199936123756,0.33840330424976284,0.15022302578846003,0.6717821770351776,0.01328823482376551,0.4052384540123235,0.3183174969144311,0.593063797751338,0.5095926231602569,0.6597532995984213
0.2629611030718969,0.40106714335710525,0.14407681107229542,0.23877334412232476,0.3381061936911125,0.18485286059077044,0.6170119321180354,0.13886466341403747,0.7138730668115513,0.19738761474336464,0.11375336002944181,0.0,0.2168264165087892,0.5459594724897155,0.2936122633999283,0.5855226408090553,0.29802777973996153,0.43728268990726415,0.002401334019711321,0.07573101482167077,0.44240108994364247,0.43834339042179316,0.16798918365235105,0.10711524380315529,0.14541683264888516,0.27151586394335636,0.1362675846826552,0.5028680067923162,0.16766162390028028,0.032939876299685755,0.058254177293054266,0.02370425422199185,0.31021627332435786,0.2465743398252861,0.4086302663133471,0.24525904048558067,0.014409063020401902,0.519764420086657,0.45810576090872474,0.3460857775009907,0.23006256150120163,0.28786247703752665,0.3161946754161802,0.6871834153621144,0.45975143310098276,0.2734015425832008,0.15068326179652725,0.033708934400844104,0.5692845649213757,0.546451621291774,0.1097963626718571,0.8020430437596118,0.25049478561290106,0.0442308137885451,0.07600438602361881,0.48398153561241014,0.23330484460865852,0.3201842471658173,0.17141964675137022,0.23486368189884554,0.17204715027293005,0.37745846990684684,0.40570574787329017,0.36933093688662555,0.10288878348197228,0.33168992395548247,0.10189972550880677,0.21195572713335253,0.5160206259144178,0.24342991642816925,0.6869627955790332,0.11407880747939592,0.08472862941108361,0.4080704375868609,0.15935243294484147,0.27296460208197026,0.5413860474099774,0.41597262126615586,0.1643097308493413,0.14778776115385805,0.08982852703372468,0.5071329480678508,0.05083891245295491,0.04079235970670303,0.008824002618501803,0.3782068443393649,0.2540260804815442,0.22787397191427727,0.8137025469697645,0.3724531000392659,0.4816666335829338,0.22464994422032103,0.03646966575901822,0.5580288170057358,0.12704159485320732,0.2914850939828817,0.2045641368849893,0.47931043772189613,0.3958392631308151,0.5459999395689795
0.04613468656310771,0.18424072684831605,0.07274960543649378,0.45559976063111396,0.1212797771823233,0.03197355591801876,0.40018551560924626,0.07796175309475173,0.49704665030276207,0.019438801765424563,0.330579776538231,0.2168264165087892,0.0,0.32913305598092635,0.0767858468911391,0.36869622430026605,0.08120136323117233,0.22045627339847496,0.21442508248907788,0.29255743133045997,0.22557467343485327,0.22151697391300396,0.04883723285643815,0.3239416603119445,0.07140958385990404,0.05468944743456716,0.08055883182613399,0.28604159028352705,0.04916479260850892,0.24976629280847495,0.15857223921573493,0.19312216228679735,0.09338985681556866,0.029747923316496894,0.1918038498045579,0.02843262397679147,0.2312354795291911,0.3029380035778678,0.24127934439993554,0.12925936099220148,0.013236144992412435,0.07103606052873745,0.5330210919249694,0.4703569988533251,0.24292501659219357,0.49022795909199,0.06614315471226195,0.1831174821079451,0.3524581484125865,0.3296252047829849,0.1070300538369321,0.5852166272508226,0.03366836910411186,0.2610572302973343,0.1408220304851704,0.26715511910362094,0.016478428099869324,0.10335783065702808,0.045406769757418974,0.018037265390056345,0.04477926623585915,0.16063205339805764,0.6225321643820794,0.15250452037783635,0.11393763302681692,0.11486350744669327,0.31872614201759597,0.004870689375436665,0.2991942094056285,0.026603499919380047,0.47013637907024397,0.3309052239881851,0.1320977870977056,0.1912440210780717,0.37617884945363067,0.056138185573181065,0.3245596309011882,0.19914620475736666,0.3811361473581305,0.06903865535493114,0.12699788947506452,0.2903065315590616,0.2676653289617441,0.17603405680208617,0.2080024138902874,0.1613804278305757,0.4708524969903334,0.011047555405488074,0.5968761304609753,0.1556266835304767,0.2648402170741446,0.00782352771153183,0.18035675074977098,0.3412024004969466,0.3438680113619965,0.0746586774740925,0.012262279623799888,0.26248402121310693,0.17901284662202588,0.3291735230601903
0.28299836941781864,0.1448923291326103,0.40188266141742013,0.7847328166120403,0.20785327879860305,0.3611066118989451,0.07105245962831991,0.4070948090756781,0.1679135943218357,0.3485718577463509,0.6597128325191574,0.5459594724897155,0.32913305598092635,0.0,0.25234720908978725,0.0395631683193397,0.24793169274975402,0.10867678258245139,0.5435581384700042,0.6216904873113863,0.10355838254607308,0.10761608206792239,0.3779702888373645,0.6530747162928708,0.4005426398408304,0.2744436085463592,0.40969188780706034,0.0430914656973993,0.37829784858943527,0.5788993487894013,0.4877052951966613,0.5222552182677237,0.2357431991653577,0.29938513266442945,0.13732920617636846,0.3007004320041349,0.5603685355101174,0.026195052403058527,0.08785371158099081,0.19987369498872487,0.3158969109885139,0.2580969954521889,0.8621541479058957,0.14122394287239876,0.08620803938873278,0.8193610150729164,0.3952762106931883,0.5122505380888714,0.023325092431660144,0.0004921488020585563,0.43616310981785844,0.2560835712698962,0.2954646868768145,0.5901902862782606,0.46995508646609674,0.061977936877305406,0.312654627881057,0.22577522532389827,0.3745398257383453,0.31109579059087,0.3739123222167855,0.1685010025828687,0.9516652203630057,0.17662853560309,0.44307068900774327,0.21426954853423308,0.6478591979985223,0.334003745356363,0.02993884657529783,0.3025295560615463,0.14100332308931762,0.6600382799691115,0.46123084307863194,0.13788903490285465,0.705311905434557,0.2729948704077453,0.004573425079738125,0.12998685122355969,0.7102692033390569,0.3981717113358575,0.45613094545599087,0.03882652442186474,0.5967983849426705,0.5051671127830125,0.5371354698712137,0.16775262815035064,0.7999855529712597,0.3180855005754383,0.26774307448004897,0.17350637245044964,0.06429283890678172,0.3213095282693945,0.5094898067306973,0.012069344516020264,0.6730010673429229,0.25447437850683385,0.34139533560472624,0.06664903476781942,0.15012020935890047,4.046707926397275e-05
0.03065116032803139,0.10745487995717695,0.14953545232763288,0.5323856075222531,0.0444939302911842,0.10875940280915786,0.32339966871810716,0.15474759998589083,0.420260803411623,0.09622464865656366,0.4073656234293701,0.2936122633999283,0.0767858468911391,0.25234720908978725,0.0,0.29191037740912695,0.004415516340033232,0.14367042650733586,0.291210929380217,0.36934327822159907,0.14878882654371417,0.14473112702186486,0.12562307974757725,0.4007275072030836,0.14819543075104313,0.022096399456571936,0.1573446787172731,0.20925574339238795,0.12595063949964802,0.32655213969961405,0.23535808610687403,0.26990800917793645,0.016604009924429564,0.047037923574642204,0.1150180029134188,0.04835322291434763,0.3080213264203302,0.22615215668672872,0.16449349750879644,0.05247351410106238,0.06354970189872666,0.005749786362401643,0.6098069388161085,0.393571151962186,0.16613916970105447,0.5670138059831291,0.14292900160340105,0.2599033289990842,0.2756723015214474,0.2528393578918458,0.1838159007280712,0.5084307803596835,0.043117477787027236,0.3378430771884734,0.2176078773763095,0.19036927221248184,0.06030741879126977,0.026571983765888985,0.12219261664855807,0.05874858150108275,0.12156511312699825,0.08384620650691854,0.6993180112732185,0.07571867348669725,0.19072347991795602,0.03807766055555417,0.39551198890873507,0.08165653626657576,0.22240836251448942,0.05018234697175905,0.3933505321791049,0.4076910708793242,0.20888363398884469,0.1144581741869326,0.45296469634476977,0.020647661317958033,0.24777378401004913,0.12236035786622756,0.4579219942492696,0.14582450224607024,0.20378373636620362,0.2135206846679225,0.3444511758528832,0.25281990369322527,0.2847882607814265,0.08459458093943661,0.5476383438814725,0.06573829148565102,0.5200902835698362,0.07884083663933761,0.18805437018300553,0.06896231917960727,0.2571425976409101,0.2644165536058075,0.4206538582531356,0.002127169417046604,0.08904812651493899,0.18569817432196783,0.10222699973088678,0.2523876761690512
0.32256153773715834,0.18445549745195,0.44144582973675983,0.82429598493138,0.24741644711794275,0.4006697802182848,0.031489291308980205,0.4466579773950178,0.128350426002496,0.3881350260656906,0.6992760008384971,0.5855226408090553,0.36869622430026605,0.0395631683193397,0.29191037740912695,0.0,0.2874948610690937,0.1482399509017911,0.5831213067893439,0.661253655630726,0.14312155086541278,0.1471792503872621,0.4175334571567042,0.6926378846122105,0.4401058081601701,0.3140067768656989,0.44925505612640004,0.082654634016739,0.417861016908775,0.618462517108741,0.527268463516001,0.5618183865870634,0.2753063674846974,0.33894830098376916,0.17689237449570816,0.3402636003234746,0.5999317038294572,0.06575822072239823,0.12741687990033052,0.23943686330806457,0.3554600793078536,0.2976601637715286,0.9017173162252354,0.10166077455305905,0.12577120770807249,0.8589241833922561,0.434839379012528,0.5518137064082111,0.01623807588767956,0.03907101951728115,0.47572627813719814,0.21652040295055655,0.3350278551961542,0.6297534545976003,0.5095182547854364,0.10154110519664511,0.3522177962003967,0.26533839364323797,0.414102994057685,0.3506589589102097,0.4134754905361252,0.2080641709022084,0.9912283886823454,0.2161917039224297,0.48263385732708297,0.2538327168535728,0.687422366317862,0.3735669136757027,0.06950201489463753,0.342092724380886,0.10144015476997792,0.6996014482884512,0.5007940113979716,0.17745220322219435,0.7448750737538967,0.312558038727085,0.04413659339907783,0.1695500195428994,0.7498323716583966,0.4377348796551972,0.49569411377533057,0.07838969274120444,0.6363615532620102,0.5447302811023522,0.5766986381905534,0.20731579646969034,0.8395487212905994,0.357648668894778,0.22817990616070924,0.21306954076978935,0.10385600722612143,0.3608726965887342,0.549052975050037,0.02749382380331944,0.7125642356622626,0.29403754682617356,0.38095850392406594,0.10621220308715912,0.18968337767824017,0.03952270124007573
0.03506667666806462,0.10303936361714372,0.1539509686676661,0.5368011238622863,0.04007841395115097,0.11317491914919109,0.3189841523780739,0.15916311632592406,0.41584528707158974,0.10064016499659689,0.41178113976940334,0.29802777973996153,0.08120136323117233,0.24793169274975402,0.004415516340033232,0.2874948610690937,0.0,0.13925491016730263,0.2956264457202502,0.3737587945616323,0.14437331020368094,0.14031561068183163,0.13003859608761048,0.4051430235431168,0.15261094709107637,0.026511915796605168,0.16176019505730632,0.20484022705235472,0.13036615583968125,0.3309676560396473,0.23977360244690726,0.2743235255179697,0.012188493584396332,0.051453439914675436,0.11060248657338556,0.05276873925438086,0.31243684276036343,0.2217366403466955,0.1600779811687632,0.04805799776102915,0.0679652182387599,0.010165302702434875,0.6142224551561417,0.3891556356221528,0.16172365336102124,0.5714293223231623,0.14734451794343428,0.2643188453391174,0.27125678518141416,0.24842384155181257,0.18823141706810442,0.5040152640196502,0.04753299412706047,0.3422585935285066,0.22202339371634272,0.1859537558724486,0.064722935131303,0.022156467425855753,0.1266081329885913,0.06316409784111598,0.12598062946703148,0.07943069016688531,0.7037335276132517,0.07130315714666402,0.19513899625798925,0.03366214421552094,0.3999275052487683,0.086072052606609,0.2179928461744562,0.05459786331179228,0.38893501583907164,0.41210658721935745,0.21329915032887792,0.11004265784689937,0.457380212684803,0.025063177657991265,0.2433582676700159,0.11794484152619433,0.46233751058930284,0.15024001858610347,0.20819925270623685,0.20910516832788928,0.34886669219291644,0.2572354200332585,0.2892037771214597,0.08017906459940338,0.5520538602215057,0.07015380782568426,0.515674767229803,0.07442532029930438,0.1836388538429723,0.0733778355196405,0.2615581139809433,0.2600010372657743,0.42506937459316885,0.006542685757079836,0.09346364285497222,0.1812826579819346,0.09781148339085355,0.247972159829018
0.17432158683536725,0.036215546550158906,0.29320587883496874,0.6760560340295889,0.09917649621615166,0.2524298293164937,0.1797292422107713,0.2984180264932267,0.2765903769042871,0.23989507516389952,0.551036049936706,0.43728268990726415,0.22045627339847496,0.10867678258245139,0.14367042650733586,0.1482399509017911,0.13925491016730263,0.0,0.43488135588755283,0.5130137047289349,0.005118400036378312,0.0010607005145290005,0.2692935062549131,0.5443979337104194,0.291865857258379,0.1657668259639078,0.30101510522460895,0.06558531688505209,0.2696210660069839,0.4702225662069499,0.3790285126142099,0.4135784356852723,0.1270664165829063,0.19070835008197806,0.028652423593917065,0.19202364942168348,0.45169175292766606,0.08248173017939286,0.02082307100146058,0.09119691240627348,0.20722012840606252,0.1494202128697375,0.7534773653234443,0.24990072545485015,0.02246874319371861,0.710684232490465,0.2865994281107369,0.40357375550642005,0.13200187501411154,0.10916893138450995,0.32748632723540705,0.3647603538523476,0.1867879042943631,0.48151350369580925,0.36127830388364535,0.046698845705145986,0.20397784529860563,0.11709844274144687,0.26586304315589393,0.2024190080084186,0.2652355396343341,0.059824220000417316,0.8429884377805543,0.0679517530206386,0.3343939064252919,0.10559276595178169,0.5391824154160709,0.22532696277391162,0.07873793600715356,0.1938527734790949,0.24968010567176901,0.5513614973866601,0.35255406049618054,0.029212252320403254,0.5966351228521056,0.1643180878252939,0.10410335750271327,0.021310068641108293,0.6015924207566055,0.2894949287534061,0.3474541628735395,0.06985025816058665,0.48812160236021906,0.3964903302005611,0.42845868728876235,0.05907584556789924,0.6913087703888083,0.20940871799298688,0.37641985706250036,0.06482958986799825,0.04438394367566967,0.21263274568694313,0.40081302414824593,0.12074612709847166,0.5643242847604715,0.14579759592438246,0.23271855302227484,0.04202774781463198,0.04144342677644908,0.10871724966171536
0.2605597690521856,0.39866580933739393,0.1416754770525841,0.24117467814203608,0.3357048596714012,0.18245152657105912,0.6146105980983241,0.13646332939432615,0.71147173279184,0.19498628072365332,0.11615469404915313,0.002401334019711321,0.21442508248907788,0.5435581384700042,0.291210929380217,0.5831213067893439,0.2956264457202502,0.43488135588755283,0.0,0.0781323488413821,0.43999975592393115,0.43594205640208183,0.16558784963263973,0.10951657782286661,0.14301549862917384,0.26911452992364504,0.1338662506629439,0.5004666727726049,0.16526028988056896,0.035341210319397076,0.055852843273342945,0.02130292020228053,0.30781493930464654,0.24417300580557477,0.40622893229363577,0.24285770646586935,0.016810397040113223,0.5173630860669457,0.4557044268890134,0.34368444348127936,0.2276612274814903,0.28546114301781533,0.3185960094358915,0.684782081342403,0.45735009908127144,0.27580287660291214,0.14828192777681592,0.03130760038113278,0.5668832309016644,0.5440502872720627,0.10739502865214579,0.7996417097399005,0.24809345159318974,0.04663214780825642,0.07360305200390749,0.4815802015926988,0.2309035105889472,0.31778291314610596,0.1690183127316589,0.23246234787913422,0.16964581625321873,0.3750571358871355,0.4081070818930015,0.36692960286691423,0.10048744946226096,0.32928858993577115,0.10430105952851809,0.2095543931136412,0.5136192918947065,0.24102858240845793,0.6845614615593218,0.11648014149910724,0.08232729539137229,0.4056691035671496,0.1617537669645528,0.27056326806225894,0.5389847133902661,0.41357128724644454,0.16671106486905263,0.14538642713414673,0.08742719301401336,0.5047316140481395,0.05324024647266623,0.03839102568699171,0.006422668598790482,0.3758055103196536,0.2564274145012555,0.22547263789456595,0.8113012129500532,0.3700517660195546,0.4792652995632225,0.2222486102006097,0.0340683317393069,0.5556274829860245,0.12944292887291864,0.2890837599631704,0.202162802865278,0.4769091037021848,0.39343792911110376,0.5435986055492682
0.3386921178935677,0.476798158178776,0.2198078258939662,0.163042329300654,0.41383720851278327,0.2605838754124412,0.6927429469397062,0.21459567823570824,0.789604081633222,0.2731186295650354,0.038022345207771036,0.07573101482167077,0.29255743133045997,0.6216904873113863,0.36934327822159907,0.661253655630726,0.3737587945616323,0.5130137047289349,0.0781323488413821,0.0,0.5181321047653132,0.5140744052434639,0.24372019847402182,0.03138422898148452,0.22114784747055594,0.34724687876502713,0.21199859950432598,0.578599021613987,0.24339263872195105,0.04279113852198502,0.13398519211472504,0.09943526904366262,0.38594728814602863,0.32230535464695687,0.48436128113501786,0.32099005530725144,0.06132195180126887,0.5954954349083278,0.5338367757303955,0.42181679232266145,0.3057935763228724,0.3635934918591974,0.2404636605945094,0.7629144301837851,0.5354824479226535,0.19767052776153005,0.22641427661819802,0.10943994922251488,0.6450155797430465,0.6221826361134448,0.18552737749352788,0.8777740585812825,0.32622580043457183,0.031500201033125674,0.15173540084528958,0.559712550434081,0.3090358594303293,0.39591526198748805,0.247150661573041,0.3105946967205163,0.24777816509460082,0.4531894847285176,0.3299747330516194,0.4450619517082963,0.17861979830364305,0.40742093877715324,0.026168710687136,0.2876867419550233,0.5917516407360885,0.31916093124984,0.7626938104007039,0.038347792657725144,0.16045964423275438,0.4838014524085317,0.0836214181231707,0.34869561690364104,0.6171170622316482,0.49170363608782663,0.08857871602767053,0.22351877597552883,0.16555954185539545,0.5828639628895216,0.024892102368715863,0.1165233745283738,0.08455501744017258,0.4539378591610357,0.1782950656598734,0.30360498673594805,0.8894335617914353,0.4481841148609367,0.5573976484046046,0.3003809590419918,0.112200680580689,0.6337598318274066,0.051310580031536546,0.36721610880455247,0.2802951517066601,0.555041452543567,0.47157027795248585,0.6217309543906503
