{
 "cells": [
  {
   "cell_type": "code",
   "execution_count": 1,
   "metadata": {},
   "outputs": [],
   "source": [
    "# Import Modules\n",
    "\n",
    "import numpy as np\n",
    "import pandas as pd\n",
    "import matplotlib.pyplot as plt\n",
    "import sklearn as sk\n",
    "import seaborn as sns\n",
    "import statistics\n",
    "import fastcluster\n",
    "from scipy import stats\n",
    "from sklearn.preprocessing import MinMaxScaler\n",
    "from sklearn.preprocessing import RobustScaler\n",
    "from mpl_toolkits.mplot3d import Axes3D\n",
    "from itertools import combinations\n",
    "from itertools import permutations\n",
    "from scipy.spatial.distance import pdist, squareform\n",
    "from mpl_toolkits.mplot3d import Axes3D\n",
    "from sklearn.neighbors import NearestNeighbors"
   ]
  },
  {
   "cell_type": "code",
   "execution_count": 2,
   "metadata": {},
   "outputs": [
    {
     "name": "stdout",
     "output_type": "stream",
     "text": [
      "\n",
      "----> SCALED DATASET : \n",
      "\n",
      "        Main  Gp        c1        c2        c3        c4        c5        c6  \\\n",
      "0    YDL179w   1 -0.779939 -0.815516 -0.929740 -0.891010 -0.850285 -0.663037   \n",
      "1    YLR079w   1 -0.576900 -0.642028 -0.811209 -0.817734 -0.722539 -0.626361   \n",
      "2    YER111c   1 -0.899088 -0.861943 -0.903459 -0.943350 -0.951993 -0.946132   \n",
      "3    YBR200w   1 -0.689970 -0.640806 -0.906141 -0.912562 -0.886086 -0.817765   \n",
      "4    YJL194w   1 -0.910030 -0.701894 -0.936712 -0.953202 -0.922701 -0.863610   \n",
      "..       ...  ..       ...       ...       ...       ...       ...       ...   \n",
      "379  YOL070c   5 -0.497872 -0.533293 -0.762403 -0.757389 -0.680228 -0.332951   \n",
      "380  YLR297W   5  0.381155 -0.208308 -0.607938 -0.482759 -0.248983 -0.093410   \n",
      "381  YHL028W   5 -1.000000 -1.000000 -1.000000 -1.000000 -0.994304 -0.923209   \n",
      "382  YHR151C   5 -0.956231 -0.945021 -0.980156 -0.971059 -0.977217 -0.962178   \n",
      "383  YNL058C   5 -0.652280 -0.699450 -0.822473 -0.794335 -0.693247 -0.340974   \n",
      "\n",
      "           c7        c8        c9       c10       c11       c12       c13  \\\n",
      "0   -0.879024 -0.866438 -0.286115 -0.657650 -0.414559 -0.578854 -0.510768   \n",
      "1   -0.730732 -0.770548 -0.267882 -0.460270 -0.396935 -0.483785 -0.496411   \n",
      "2   -0.948293 -0.912100 -0.884993 -0.923077 -0.888123 -0.893381 -0.914964   \n",
      "3   -0.764878 -0.525114 -0.507714 -0.862215 -0.785441 -0.813416 -0.814467   \n",
      "4   -0.890732 -0.889269 -0.702665 -0.891801 -0.914176 -0.868503 -0.893981   \n",
      "..        ...       ...       ...       ...       ...       ...       ...   \n",
      "379 -0.257561 -0.022831  0.276297 -0.577768 -0.455939 -0.398490 -0.425732   \n",
      "380  0.293659  0.953196  0.973352 -0.279797 -0.046743 -0.148823 -0.154059   \n",
      "381 -0.832195 -0.740868 -0.855540 -0.999577 -0.997701 -0.993781 -0.988956   \n",
      "382 -0.914146 -0.859589 -0.837307 -0.968724 -0.950958 -0.955575 -0.975704   \n",
      "383 -0.098537  0.116438  0.381487 -0.476331 -0.426820 -0.266104 -0.466593   \n",
      "\n",
      "          c14       c15       c16       c17  \n",
      "0   -0.728146 -0.842586 -0.747989 -0.695107  \n",
      "1   -0.658581 -0.728039 -0.711222 -0.596062  \n",
      "2   -0.955149 -0.978918 -0.955573 -0.959427  \n",
      "3   -0.897483 -0.857344 -0.826886 -0.819809  \n",
      "4   -0.884668 -0.933942 -0.914975 -0.880668  \n",
      "..        ...       ...       ...       ...  \n",
      "379 -0.407780 -0.475053 -0.026427 -0.451671  \n",
      "380 -0.167963  0.035840  0.295289  0.068616  \n",
      "381 -0.970709 -0.940970 -0.898123 -0.902745  \n",
      "382 -0.975286 -0.940970 -0.953275 -0.963007  \n",
      "383 -0.384897 -0.352073  0.188817 -0.297733  \n",
      "\n",
      "[384 rows x 19 columns]\n",
      "\n",
      "*\tSamples : 384, Dimensions : 19\n"
     ]
    }
   ],
   "source": [
    "yeast = pd.read_csv('raw_cellcycle_384_17.txt', sep=\"\\s+\")\n",
    "yeast_noindex = pd.read_csv('raw_cellcycle_384_17.txt', sep=\"\\s+\") \n",
    "yeast_columns = yeast_noindex.columns\n",
    "\n",
    "categorical_features = ['Main','Gp']\n",
    "numerical_features = ['c1', 'c2', 'c3', 'c4', 'c5', 'c6', 'c7', 'c8', 'c9',\n",
    "                       'c10', 'c11', 'c12', 'c13', 'c14', 'c15', 'c16', 'c17']\n",
    "cat_data = yeast_noindex[categorical_features]\n",
    "\n",
    "scaler = MinMaxScaler(feature_range=(-1, 1))\n",
    "x = pd.DataFrame(scaler.fit_transform(yeast_noindex[numerical_features]))\n",
    "x.columns = numerical_features\n",
    "x_comb = pd.concat([cat_data, x], axis=1)\n",
    "print(f'\\n----> SCALED DATASET : \\n\\n{x_comb}')\n",
    "s_row, s_col = x.shape\n",
    "\n",
    "print(f'\\n*\\tSamples : {s_row}, Dimensions : {len(yeast_noindex.columns)}')\n",
    "\n",
    "#sns.pairplot(data=x_comb, hue='diagnosis', height=2)\n",
    "#plt.plot()"
   ]
  },
  {
   "cell_type": "code",
   "execution_count": 3,
   "metadata": {},
   "outputs": [
    {
     "name": "stdout",
     "output_type": "stream",
     "text": [
      "\n",
      " ---> Median Absolute Deviation : \n",
      "\n",
      "           c1        c2        c3        c4        c5        c6        c7  \\\n",
      "0    0.008511  0.059255  0.068651  0.034483  0.020342  0.101433  0.072683   \n",
      "1    0.211550  0.114233  0.049879  0.038793  0.107404  0.138109  0.075610   \n",
      "2    0.110638  0.105681  0.042371  0.086823  0.122050  0.181662  0.141951   \n",
      "3    0.098480  0.115455  0.045052  0.056034  0.056143  0.053295  0.041463   \n",
      "4    0.121581  0.054368  0.075623  0.096675  0.092758  0.099140  0.084390   \n",
      "..        ...       ...       ...       ...       ...       ...       ...   \n",
      "379  0.290578  0.222969  0.098686  0.099138  0.149715  0.431519  0.548780   \n",
      "380  1.169605  0.547954  0.253151  0.373768  0.580960  0.671060  1.100000   \n",
      "381  0.211550  0.243739  0.138911  0.143473  0.164361  0.158739  0.025854   \n",
      "382  0.167781  0.188760  0.119067  0.114532  0.147274  0.197708  0.107805   \n",
      "383  0.136170  0.056811  0.038616  0.062192  0.136697  0.423496  0.707805   \n",
      "\n",
      "           c8        c9       c10       c11       c12       c13       c14  \\\n",
      "0    0.095890  0.419355  0.226754  0.383908  0.178587  0.245721  0.064989   \n",
      "1    0.000000  0.437588  0.424134  0.401533  0.273656  0.260077  0.134554   \n",
      "2    0.141553  0.179523  0.038673  0.089655  0.135940  0.158476  0.162014   \n",
      "3    0.245434  0.197756  0.022189  0.013027  0.055975  0.057979  0.104348   \n",
      "4    0.118721  0.002805  0.007396  0.115709  0.111062  0.137493  0.091533   \n",
      "..        ...       ...       ...       ...       ...       ...       ...   \n",
      "379  0.747717  0.981767  0.306636  0.342529  0.358952  0.330756  0.385355   \n",
      "380  1.723744  1.678822  0.604607  0.751724  0.608618  0.602430  0.625172   \n",
      "381  0.029680  0.150070  0.115173  0.199234  0.236339  0.232468  0.177574   \n",
      "382  0.089041  0.131837  0.084320  0.152490  0.198134  0.219216  0.182151   \n",
      "383  0.886986  1.086957  0.408073  0.371648  0.491337  0.289895  0.408238   \n",
      "\n",
      "          c15       c16       c17  \n",
      "0    0.005973  0.097281  0.174523  \n",
      "1    0.120520  0.134048  0.273568  \n",
      "2    0.130358  0.110303  0.089797  \n",
      "3    0.008784  0.018384  0.049821  \n",
      "4    0.085383  0.069705  0.011038  \n",
      "..        ...       ...       ...  \n",
      "379  0.373507  0.818843  0.417959  \n",
      "380  0.884399  1.140559  0.938246  \n",
      "381  0.092410  0.052853  0.033115  \n",
      "382  0.092410  0.108005  0.093377  \n",
      "383  0.496486  1.034087  0.571897  \n",
      "\n",
      "[384 rows x 17 columns]\n",
      "\n",
      " ---> The elements of the corr matrix are : \n",
      "\n",
      "[('c1', 'c1'), ('c2', 'c2'), ('c3', 'c3'), ('c4', 'c4'), ('c5', 'c5'), ('c6', 'c6'), ('c7', 'c7'), ('c8', 'c8'), ('c9', 'c9'), ('c10', 'c10'), ('c11', 'c11'), ('c12', 'c12'), ('c13', 'c13'), ('c14', 'c14'), ('c15', 'c15'), ('c16', 'c16'), ('c17', 'c17'), ('c1', 'c2'), ('c1', 'c3'), ('c1', 'c4'), ('c1', 'c5'), ('c1', 'c6'), ('c1', 'c7'), ('c1', 'c8'), ('c1', 'c9'), ('c1', 'c10'), ('c1', 'c11'), ('c1', 'c12'), ('c1', 'c13'), ('c1', 'c14'), ('c1', 'c15'), ('c1', 'c16'), ('c1', 'c17'), ('c2', 'c1'), ('c2', 'c3'), ('c2', 'c4'), ('c2', 'c5'), ('c2', 'c6'), ('c2', 'c7'), ('c2', 'c8'), ('c2', 'c9'), ('c2', 'c10'), ('c2', 'c11'), ('c2', 'c12'), ('c2', 'c13'), ('c2', 'c14'), ('c2', 'c15'), ('c2', 'c16'), ('c2', 'c17'), ('c3', 'c1'), ('c3', 'c2'), ('c3', 'c4'), ('c3', 'c5'), ('c3', 'c6'), ('c3', 'c7'), ('c3', 'c8'), ('c3', 'c9'), ('c3', 'c10'), ('c3', 'c11'), ('c3', 'c12'), ('c3', 'c13'), ('c3', 'c14'), ('c3', 'c15'), ('c3', 'c16'), ('c3', 'c17'), ('c4', 'c1'), ('c4', 'c2'), ('c4', 'c3'), ('c4', 'c5'), ('c4', 'c6'), ('c4', 'c7'), ('c4', 'c8'), ('c4', 'c9'), ('c4', 'c10'), ('c4', 'c11'), ('c4', 'c12'), ('c4', 'c13'), ('c4', 'c14'), ('c4', 'c15'), ('c4', 'c16'), ('c4', 'c17'), ('c5', 'c1'), ('c5', 'c2'), ('c5', 'c3'), ('c5', 'c4'), ('c5', 'c6'), ('c5', 'c7'), ('c5', 'c8'), ('c5', 'c9'), ('c5', 'c10'), ('c5', 'c11'), ('c5', 'c12'), ('c5', 'c13'), ('c5', 'c14'), ('c5', 'c15'), ('c5', 'c16'), ('c5', 'c17'), ('c6', 'c1'), ('c6', 'c2'), ('c6', 'c3'), ('c6', 'c4'), ('c6', 'c5'), ('c6', 'c7'), ('c6', 'c8'), ('c6', 'c9'), ('c6', 'c10'), ('c6', 'c11'), ('c6', 'c12'), ('c6', 'c13'), ('c6', 'c14'), ('c6', 'c15'), ('c6', 'c16'), ('c6', 'c17'), ('c7', 'c1'), ('c7', 'c2'), ('c7', 'c3'), ('c7', 'c4'), ('c7', 'c5'), ('c7', 'c6'), ('c7', 'c8'), ('c7', 'c9'), ('c7', 'c10'), ('c7', 'c11'), ('c7', 'c12'), ('c7', 'c13'), ('c7', 'c14'), ('c7', 'c15'), ('c7', 'c16'), ('c7', 'c17'), ('c8', 'c1'), ('c8', 'c2'), ('c8', 'c3'), ('c8', 'c4'), ('c8', 'c5'), ('c8', 'c6'), ('c8', 'c7'), ('c8', 'c9'), ('c8', 'c10'), ('c8', 'c11'), ('c8', 'c12'), ('c8', 'c13'), ('c8', 'c14'), ('c8', 'c15'), ('c8', 'c16'), ('c8', 'c17'), ('c9', 'c1'), ('c9', 'c2'), ('c9', 'c3'), ('c9', 'c4'), ('c9', 'c5'), ('c9', 'c6'), ('c9', 'c7'), ('c9', 'c8'), ('c9', 'c10'), ('c9', 'c11'), ('c9', 'c12'), ('c9', 'c13'), ('c9', 'c14'), ('c9', 'c15'), ('c9', 'c16'), ('c9', 'c17'), ('c10', 'c1'), ('c10', 'c2'), ('c10', 'c3'), ('c10', 'c4'), ('c10', 'c5'), ('c10', 'c6'), ('c10', 'c7'), ('c10', 'c8'), ('c10', 'c9'), ('c10', 'c11'), ('c10', 'c12'), ('c10', 'c13'), ('c10', 'c14'), ('c10', 'c15'), ('c10', 'c16'), ('c10', 'c17'), ('c11', 'c1'), ('c11', 'c2'), ('c11', 'c3'), ('c11', 'c4'), ('c11', 'c5'), ('c11', 'c6'), ('c11', 'c7'), ('c11', 'c8'), ('c11', 'c9'), ('c11', 'c10'), ('c11', 'c12'), ('c11', 'c13'), ('c11', 'c14'), ('c11', 'c15'), ('c11', 'c16'), ('c11', 'c17'), ('c12', 'c1'), ('c12', 'c2'), ('c12', 'c3'), ('c12', 'c4'), ('c12', 'c5'), ('c12', 'c6'), ('c12', 'c7'), ('c12', 'c8'), ('c12', 'c9'), ('c12', 'c10'), ('c12', 'c11'), ('c12', 'c13'), ('c12', 'c14'), ('c12', 'c15'), ('c12', 'c16'), ('c12', 'c17'), ('c13', 'c1'), ('c13', 'c2'), ('c13', 'c3'), ('c13', 'c4'), ('c13', 'c5'), ('c13', 'c6'), ('c13', 'c7'), ('c13', 'c8'), ('c13', 'c9'), ('c13', 'c10'), ('c13', 'c11'), ('c13', 'c12'), ('c13', 'c14'), ('c13', 'c15'), ('c13', 'c16'), ('c13', 'c17'), ('c14', 'c1'), ('c14', 'c2'), ('c14', 'c3'), ('c14', 'c4'), ('c14', 'c5'), ('c14', 'c6'), ('c14', 'c7'), ('c14', 'c8'), ('c14', 'c9'), ('c14', 'c10'), ('c14', 'c11'), ('c14', 'c12'), ('c14', 'c13'), ('c14', 'c15'), ('c14', 'c16'), ('c14', 'c17'), ('c15', 'c1'), ('c15', 'c2'), ('c15', 'c3'), ('c15', 'c4'), ('c15', 'c5'), ('c15', 'c6'), ('c15', 'c7'), ('c15', 'c8'), ('c15', 'c9'), ('c15', 'c10'), ('c15', 'c11'), ('c15', 'c12'), ('c15', 'c13'), ('c15', 'c14'), ('c15', 'c16'), ('c15', 'c17'), ('c16', 'c1'), ('c16', 'c2'), ('c16', 'c3'), ('c16', 'c4'), ('c16', 'c5'), ('c16', 'c6'), ('c16', 'c7'), ('c16', 'c8'), ('c16', 'c9'), ('c16', 'c10'), ('c16', 'c11'), ('c16', 'c12'), ('c16', 'c13'), ('c16', 'c14'), ('c16', 'c15'), ('c16', 'c17'), ('c17', 'c1'), ('c17', 'c2'), ('c17', 'c3'), ('c17', 'c4'), ('c17', 'c5'), ('c17', 'c6'), ('c17', 'c7'), ('c17', 'c8'), ('c17', 'c9'), ('c17', 'c10'), ('c17', 'c11'), ('c17', 'c12'), ('c17', 'c13'), ('c17', 'c14'), ('c17', 'c15'), ('c17', 'c16')]\n",
      "\n",
      " ---> The values of the corr_elems are : \n",
      "\n",
      "*The median of the columns (c1,c1) -> 0.10516717325227959\n",
      "*The median of the columns (c2,c2) -> 0.12889431887599268\n",
      "*The median of the columns (c3,c3) -> 0.08286403861625091\n",
      "*The median of the columns (c4,c4) -> 0.08251231527093594\n",
      "*The median of the columns (c5,c5) -> 0.09804719283970714\n",
      "*The median of the columns (c6,c6) -> 0.13180515759312322\n",
      "*The median of the columns (c7,c7) -> 0.11073170731707321\n",
      "*The median of the columns (c8,c8) -> 0.1421232876712329\n",
      "*The median of the columns (c9,c9) -> 0.17461430575035064\n",
      "*The median of the columns (c10,c10) -> 0.0682586644125105\n",
      "*The median of the columns (c11,c11) -> 0.12413793103448278\n",
      "*The median of the columns (c12,c12) -> 0.133718347401155\n",
      "*The median of the columns (c13,c13) -> 0.13859745996686912\n",
      "*The median of the columns (c14,c14) -> 0.11807780320366129\n",
      "*The median of the columns (c15,c15) -> 0.08397751229796202\n",
      "*The median of the columns (c16,c16) -> 0.09268479509766381\n",
      "*The median of the columns (c17,c17) -> 0.07667064439140814\n",
      "*The median of the columns (c1,c2) -> 0.1185267363941378\n",
      "*The median of the columns (c1,c3) -> 0.09232557438168432\n",
      "*The median of the columns (c1,c4) -> 0.09240121580547112\n",
      "*The median of the columns (c1,c5) -> 0.10292921074043943\n",
      "*The median of the columns (c1,c6) -> 0.11610942249240125\n",
      "*The median of the columns (c1,c7) -> 0.10780487804878047\n",
      "*The median of the columns (c1,c8) -> 0.12158054711246202\n",
      "*The median of the columns (c1,c9) -> 0.13419047903247117\n",
      "*The median of the columns (c1,c10) -> 0.08241758241758235\n",
      "*The median of the columns (c1,c11) -> 0.11797039676716853\n",
      "*The median of the columns (c1,c12) -> 0.11905819635717452\n",
      "*The median of the columns (c1,c13) -> 0.11893393799123558\n",
      "*The median of the columns (c1,c14) -> 0.1102390574029894\n",
      "*The median of the columns (c1,c15) -> 0.09276177090653548\n",
      "*The median of the columns (c1,c16) -> 0.09986228476902143\n",
      "*The median of the columns (c1,c17) -> 0.08807090626836223\n",
      "*The median of the columns (c2,c1) -> 0.1185267363941378\n",
      "*The median of the columns (c2,c3) -> 0.10002681684097614\n",
      "*The median of the columns (c2,c4) -> 0.09913793103448276\n",
      "*The median of the columns (c2,c5) -> 0.1147274206672092\n",
      "*The median of the columns (c2,c6) -> 0.1312320916905444\n",
      "*The median of the columns (c2,c7) -> 0.12400733048259005\n",
      "*The median of the columns (c2,c8) -> 0.13584474885844744\n",
      "*The median of the columns (c2,c9) -> 0.14844227244960295\n",
      "*The median of the columns (c2,c10) -> 0.08773916628928141\n",
      "*The median of the columns (c2,c11) -> 0.12720306513409962\n",
      "*The median of the columns (c2,c12) -> 0.13255956017104453\n",
      "*The median of the columns (c2,c13) -> 0.13473219215902815\n",
      "*The median of the columns (c2,c14) -> 0.12645082467929136\n",
      "*The median of the columns (c2,c15) -> 0.10224877020379475\n",
      "*The median of the columns (c2,c16) -> 0.11068556108770589\n",
      "*The median of the columns (c2,c17) -> 0.09427207637231505\n",
      "*The median of the columns (c3,c1) -> 0.09232557438168432\n",
      "*The median of the columns (c3,c2) -> 0.10002681684097614\n",
      "*The median of the columns (c3,c4) -> 0.0828619745121118\n",
      "*The median of the columns (c3,c5) -> 0.08886095195203253\n",
      "*The median of the columns (c3,c6) -> 0.10002259069125208\n",
      "*The median of the columns (c3,c7) -> 0.09219512195121948\n",
      "*The median of the columns (c3,c8) -> 0.10404934298739599\n",
      "*The median of the columns (c3,c9) -> 0.1128494416793887\n",
      "*The median of the columns (c3,c10) -> 0.07574496640187578\n",
      "*The median of the columns (c3,c11) -> 0.10217216411906677\n",
      "*The median of the columns (c3,c12) -> 0.10395379831186147\n",
      "*The median of the columns (c3,c13) -> 0.10190399570930547\n",
      "*The median of the columns (c3,c14) -> 0.09382151029748281\n",
      "*The median of the columns (c3,c15) -> 0.08347165772740556\n",
      "*The median of the columns (c3,c16) -> 0.08732286480275758\n",
      "*The median of the columns (c3,c17) -> 0.07937784928935371\n",
      "*The median of the columns (c4,c1) -> 0.09240121580547112\n",
      "*The median of the columns (c4,c2) -> 0.09913793103448276\n",
      "*The median of the columns (c4,c3) -> 0.0828619745121118\n",
      "*The median of the columns (c4,c5) -> 0.08867997130110988\n",
      "*The median of the columns (c4,c6) -> 0.09913916609030732\n",
      "*The median of the columns (c4,c7) -> 0.09227982698546194\n",
      "*The median of the columns (c4,c8) -> 0.10221674876847286\n",
      "*The median of the columns (c4,c9) -> 0.1114532019704434\n",
      "*The median of the columns (c4,c10) -> 0.07580267875360708\n",
      "*The median of the columns (c4,c11) -> 0.10098522167487689\n",
      "*The median of the columns (c4,c12) -> 0.10221674876847292\n",
      "*The median of the columns (c4,c13) -> 0.10098522167487689\n",
      "*The median of the columns (c4,c14) -> 0.09424549943073574\n",
      "*The median of the columns (c4,c15) -> 0.08362614195361912\n",
      "*The median of the columns (c4,c16) -> 0.08732286480275753\n",
      "*The median of the columns (c4,c17) -> 0.07943349753694584\n",
      "*The median of the columns (c5,c1) -> 0.10292921074043943\n",
      "*The median of the columns (c5,c2) -> 0.1147274206672092\n",
      "*The median of the columns (c5,c3) -> 0.08886095195203253\n",
      "*The median of the columns (c5,c4) -> 0.08867997130110988\n",
      "*The median of the columns (c5,c6) -> 0.1120171313598542\n",
      "*The median of the columns (c5,c7) -> 0.10333604556550047\n",
      "*The median of the columns (c5,c8) -> 0.11716842961757529\n",
      "*The median of the columns (c5,c9) -> 0.12815296989422303\n",
      "*The median of the columns (c5,c10) -> 0.0782573266378111\n",
      "*The median of the columns (c5,c11) -> 0.1147274206672092\n",
      "*The median of the columns (c5,c12) -> 0.1146715735055282\n",
      "*The median of the columns (c5,c13) -> 0.11506663689351626\n",
      "*The median of the columns (c5,c14) -> 0.10496338486574452\n",
      "*The median of the columns (c5,c15) -> 0.09106795999924522\n",
      "*The median of the columns (c5,c16) -> 0.09641985353946303\n",
      "*The median of the columns (c5,c17) -> 0.08352093208868416\n",
      "*The median of the columns (c6,c1) -> 0.11610942249240125\n",
      "*The median of the columns (c6,c2) -> 0.1312320916905444\n",
      "*The median of the columns (c6,c3) -> 0.10002259069125208\n",
      "*The median of the columns (c6,c4) -> 0.09913916609030732\n",
      "*The median of the columns (c6,c5) -> 0.1120171313598542\n",
      "*The median of the columns (c6,c7) -> 0.12341463414634152\n",
      "*The median of the columns (c6,c8) -> 0.13811836820138423\n",
      "*The median of the columns (c6,c9) -> 0.15294188565205336\n",
      "*The median of the columns (c6,c10) -> 0.08882521489971351\n",
      "*The median of the columns (c6,c11) -> 0.1289398280802292\n",
      "*The median of the columns (c6,c12) -> 0.13327410039982224\n",
      "*The median of the columns (c6,c13) -> 0.1372279242261949\n",
      "*The median of the columns (c6,c14) -> 0.12854314058473704\n",
      "*The median of the columns (c6,c15) -> 0.10189739985945184\n",
      "*The median of the columns (c6,c16) -> 0.1080045959402528\n",
      "*The median of the columns (c6,c17) -> 0.09457040572792363\n",
      "*The median of the columns (c7,c1) -> 0.10780487804878047\n",
      "*The median of the columns (c7,c2) -> 0.12400733048259005\n",
      "*The median of the columns (c7,c3) -> 0.09219512195121948\n",
      "*The median of the columns (c7,c4) -> 0.09227982698546194\n",
      "*The median of the columns (c7,c5) -> 0.10333604556550047\n",
      "*The median of the columns (c7,c6) -> 0.12341463414634152\n",
      "*The median of the columns (c7,c8) -> 0.1278538812785388\n",
      "*The median of the columns (c7,c9) -> 0.14110183696507367\n",
      "*The median of the columns (c7,c10) -> 0.08141218068985417\n",
      "*The median of the columns (c7,c11) -> 0.12068965517241381\n",
      "*The median of the columns (c7,c12) -> 0.12394545513647054\n",
      "*The median of the columns (c7,c13) -> 0.12634146341463415\n",
      "*The median of the columns (c7,c14) -> 0.11641625272087958\n",
      "*The median of the columns (c7,c15) -> 0.09276177090653548\n",
      "*The median of the columns (c7,c16) -> 0.10149368058215241\n",
      "*The median of the columns (c7,c17) -> 0.08741050119331739\n",
      "*The median of the columns (c8,c1) -> 0.12158054711246202\n",
      "*The median of the columns (c8,c2) -> 0.13584474885844744\n",
      "*The median of the columns (c8,c3) -> 0.10404934298739599\n",
      "*The median of the columns (c8,c4) -> 0.10221674876847286\n",
      "*The median of the columns (c8,c5) -> 0.11716842961757529\n",
      "*The median of the columns (c8,c6) -> 0.13811836820138423\n",
      "*The median of the columns (c8,c7) -> 0.1278538812785388\n",
      "*The median of the columns (c8,c9) -> 0.1541095890410959\n",
      "*The median of the columns (c8,c10) -> 0.09261918271401931\n",
      "*The median of the columns (c8,c11) -> 0.131156510785703\n",
      "*The median of the columns (c8,c12) -> 0.13690718889017356\n",
      "*The median of the columns (c8,c13) -> 0.1397018221976809\n",
      "*The median of the columns (c8,c14) -> 0.1312785388127854\n",
      "*The median of the columns (c8,c15) -> 0.10681658468025301\n",
      "*The median of the columns (c8,c16) -> 0.11280711741158322\n",
      "*The median of the columns (c8,c17) -> 0.09817351598173507\n",
      "*The median of the columns (c9,c1) -> 0.13419047903247117\n",
      "*The median of the columns (c9,c2) -> 0.14844227244960295\n",
      "*The median of the columns (c9,c3) -> 0.1128494416793887\n",
      "*The median of the columns (c9,c4) -> 0.1114532019704434\n",
      "*The median of the columns (c9,c5) -> 0.12815296989422303\n",
      "*The median of the columns (c9,c6) -> 0.15294188565205336\n",
      "*The median of the columns (c9,c7) -> 0.14110183696507367\n",
      "*The median of the columns (c9,c8) -> 0.1541095890410959\n",
      "*The median of the columns (c9,c10) -> 0.09677419354838712\n",
      "*The median of the columns (c9,c11) -> 0.14559386973180077\n",
      "*The median of the columns (c9,c12) -> 0.14749000444247\n",
      "*The median of the columns (c9,c13) -> 0.15416811552899023\n",
      "*The median of the columns (c9,c14) -> 0.14615782091976082\n",
      "*The median of the columns (c9,c15) -> 0.11500701262272095\n",
      "*The median of the columns (c9,c16) -> 0.12294140176177715\n",
      "*The median of the columns (c9,c17) -> 0.1050119331742243\n",
      "*The median of the columns (c10,c1) -> 0.08241758241758235\n",
      "*The median of the columns (c10,c2) -> 0.08773916628928141\n",
      "*The median of the columns (c10,c3) -> 0.07574496640187578\n",
      "*The median of the columns (c10,c4) -> 0.07580267875360708\n",
      "*The median of the columns (c10,c5) -> 0.0782573266378111\n",
      "*The median of the columns (c10,c6) -> 0.08882521489971351\n",
      "*The median of the columns (c10,c7) -> 0.08141218068985417\n",
      "*The median of the columns (c10,c8) -> 0.09261918271401931\n",
      "*The median of the columns (c10,c9) -> 0.09677419354838712\n",
      "*The median of the columns (c10,c11) -> 0.08994592940216284\n",
      "*The median of the columns (c10,c12) -> 0.09240337627721007\n",
      "*The median of the columns (c10,c13) -> 0.09221424627277752\n",
      "*The median of the columns (c10,c14) -> 0.08601014370245136\n",
      "*The median of the columns (c10,c15) -> 0.07626823012114109\n",
      "*The median of the columns (c10,c16) -> 0.07734573119188504\n",
      "*The median of the columns (c10,c17) -> 0.07299927674675244\n",
      "*The median of the columns (c11,c1) -> 0.11797039676716853\n",
      "*The median of the columns (c11,c2) -> 0.12720306513409962\n",
      "*The median of the columns (c11,c3) -> 0.10217216411906677\n",
      "*The median of the columns (c11,c4) -> 0.10098522167487689\n",
      "*The median of the columns (c11,c5) -> 0.1147274206672092\n",
      "*The median of the columns (c11,c6) -> 0.1289398280802292\n",
      "*The median of the columns (c11,c7) -> 0.12068965517241381\n",
      "*The median of the columns (c11,c8) -> 0.131156510785703\n",
      "*The median of the columns (c11,c9) -> 0.14559386973180077\n",
      "*The median of the columns (c11,c10) -> 0.08994592940216284\n",
      "*The median of the columns (c11,c12) -> 0.1284004895227494\n",
      "*The median of the columns (c11,c13) -> 0.13086692435118719\n",
      "*The median of the columns (c11,c14) -> 0.12140596368482426\n",
      "*The median of the columns (c11,c15) -> 0.10498084291187743\n",
      "*The median of the columns (c11,c16) -> 0.11070669184748877\n",
      "*The median of the columns (c11,c17) -> 0.09607291123730105\n",
      "*The median of the columns (c12,c1) -> 0.11905819635717452\n",
      "*The median of the columns (c12,c2) -> 0.13255956017104453\n",
      "*The median of the columns (c12,c3) -> 0.10395379831186147\n",
      "*The median of the columns (c12,c4) -> 0.10221674876847292\n",
      "*The median of the columns (c12,c5) -> 0.1146715735055282\n",
      "*The median of the columns (c12,c6) -> 0.13327410039982224\n",
      "*The median of the columns (c12,c7) -> 0.12394545513647054\n",
      "*The median of the columns (c12,c8) -> 0.13690718889017356\n",
      "*The median of the columns (c12,c9) -> 0.14749000444247\n",
      "*The median of the columns (c12,c10) -> 0.09240337627721007\n",
      "*The median of the columns (c12,c11) -> 0.1284004895227494\n",
      "*The median of the columns (c12,c13) -> 0.1363838294091515\n",
      "*The median of the columns (c12,c14) -> 0.12804479473653718\n",
      "*The median of the columns (c12,c15) -> 0.10689361767222688\n",
      "*The median of the columns (c12,c16) -> 0.11145155112983529\n",
      "*The median of the columns (c12,c17) -> 0.09660311407605637\n",
      "*The median of the columns (c13,c1) -> 0.11893393799123558\n",
      "*The median of the columns (c13,c2) -> 0.13473219215902815\n",
      "*The median of the columns (c13,c3) -> 0.10190399570930547\n",
      "*The median of the columns (c13,c4) -> 0.10098522167487689\n",
      "*The median of the columns (c13,c5) -> 0.11506663689351626\n",
      "*The median of the columns (c13,c6) -> 0.1372279242261949\n",
      "*The median of the columns (c13,c7) -> 0.12634146341463415\n",
      "*The median of the columns (c13,c8) -> 0.1397018221976809\n",
      "*The median of the columns (c13,c9) -> 0.15416811552899023\n",
      "*The median of the columns (c13,c10) -> 0.09221424627277752\n",
      "*The median of the columns (c13,c11) -> 0.13086692435118719\n",
      "*The median of the columns (c13,c12) -> 0.1363838294091515\n",
      "*The median of the columns (c13,c14) -> 0.13086692435118719\n",
      "*The median of the columns (c13,c15) -> 0.10561453334487109\n",
      "*The median of the columns (c13,c16) -> 0.11098840419657652\n",
      "*The median of the columns (c13,c17) -> 0.09663169519602433\n",
      "*The median of the columns (c14,c1) -> 0.1102390574029894\n",
      "*The median of the columns (c14,c2) -> 0.12645082467929136\n",
      "*The median of the columns (c14,c3) -> 0.09382151029748281\n",
      "*The median of the columns (c14,c4) -> 0.09424549943073574\n",
      "*The median of the columns (c14,c5) -> 0.10496338486574452\n",
      "*The median of the columns (c14,c6) -> 0.12854314058473704\n",
      "*The median of the columns (c14,c7) -> 0.11641625272087958\n",
      "*The median of the columns (c14,c8) -> 0.1312785388127854\n",
      "*The median of the columns (c14,c9) -> 0.14615782091976082\n",
      "*The median of the columns (c14,c10) -> 0.08601014370245136\n",
      "*The median of the columns (c14,c11) -> 0.12140596368482426\n",
      "*The median of the columns (c14,c12) -> 0.12804479473653718\n",
      "*The median of the columns (c14,c13) -> 0.13086692435118719\n",
      "*The median of the columns (c14,c15) -> 0.09522136331693604\n",
      "*The median of the columns (c14,c16) -> 0.10340865568747615\n",
      "*The median of the columns (c14,c17) -> 0.09061784897025171\n",
      "*The median of the columns (c15,c1) -> 0.09276177090653548\n",
      "*The median of the columns (c15,c2) -> 0.10224877020379475\n",
      "*The median of the columns (c15,c3) -> 0.08347165772740556\n",
      "*The median of the columns (c15,c4) -> 0.08362614195361912\n",
      "*The median of the columns (c15,c5) -> 0.09106795999924522\n",
      "*The median of the columns (c15,c6) -> 0.10189739985945184\n",
      "*The median of the columns (c15,c7) -> 0.09276177090653548\n",
      "*The median of the columns (c15,c8) -> 0.10681658468025301\n",
      "*The median of the columns (c15,c9) -> 0.11500701262272095\n",
      "*The median of the columns (c15,c10) -> 0.07626823012114109\n",
      "*The median of the columns (c15,c11) -> 0.10498084291187743\n",
      "*The median of the columns (c15,c12) -> 0.10689361767222688\n",
      "*The median of the columns (c15,c13) -> 0.10561453334487109\n",
      "*The median of the columns (c15,c14) -> 0.09522136331693604\n",
      "*The median of the columns (c15,c16) -> 0.08887577100288979\n",
      "*The median of the columns (c15,c17) -> 0.08035720275662195\n",
      "*The median of the columns (c16,c1) -> 0.09986228476902143\n",
      "*The median of the columns (c16,c2) -> 0.11068556108770589\n",
      "*The median of the columns (c16,c3) -> 0.08732286480275758\n",
      "*The median of the columns (c16,c4) -> 0.08732286480275753\n",
      "*The median of the columns (c16,c5) -> 0.09641985353946303\n",
      "*The median of the columns (c16,c6) -> 0.1080045959402528\n",
      "*The median of the columns (c16,c7) -> 0.10149368058215241\n",
      "*The median of the columns (c16,c8) -> 0.11280711741158322\n",
      "*The median of the columns (c16,c9) -> 0.12294140176177715\n",
      "*The median of the columns (c16,c10) -> 0.07734573119188504\n",
      "*The median of the columns (c16,c11) -> 0.11070669184748877\n",
      "*The median of the columns (c16,c12) -> 0.11145155112983529\n",
      "*The median of the columns (c16,c13) -> 0.11098840419657652\n",
      "*The median of the columns (c16,c14) -> 0.10340865568747615\n",
      "*The median of the columns (c16,c15) -> 0.08887577100288979\n",
      "*The median of the columns (c16,c17) -> 0.08263723150357993\n",
      "*The median of the columns (c17,c1) -> 0.08807090626836223\n",
      "*The median of the columns (c17,c2) -> 0.09427207637231505\n",
      "*The median of the columns (c17,c3) -> 0.07937784928935371\n",
      "*The median of the columns (c17,c4) -> 0.07943349753694584\n",
      "*The median of the columns (c17,c5) -> 0.08352093208868416\n",
      "*The median of the columns (c17,c6) -> 0.09457040572792363\n",
      "*The median of the columns (c17,c7) -> 0.08741050119331739\n",
      "*The median of the columns (c17,c8) -> 0.09817351598173507\n",
      "*The median of the columns (c17,c9) -> 0.1050119331742243\n",
      "*The median of the columns (c17,c10) -> 0.07299927674675244\n",
      "*The median of the columns (c17,c11) -> 0.09607291123730105\n",
      "*The median of the columns (c17,c12) -> 0.09660311407605637\n",
      "*The median of the columns (c17,c13) -> 0.09663169519602433\n",
      "*The median of the columns (c17,c14) -> 0.09061784897025171\n",
      "*The median of the columns (c17,c15) -> 0.08035720275662195\n",
      "*The median of the columns (c17,c16) -> 0.08263723150357993\n",
      "\n",
      " ---> Correlation matrix : \n",
      "\n",
      "[[0.10516717 0.11852674 0.09232557 0.09240122 0.10292921 0.11610942\n",
      "  0.10780488 0.12158055 0.13419048 0.08241758 0.1179704  0.1190582\n",
      "  0.11893394 0.11023906 0.09276177 0.09986228 0.08807091]\n",
      " [0.11852674 0.12889432 0.10002682 0.09913793 0.11472742 0.13123209\n",
      "  0.12400733 0.13584475 0.14844227 0.08773917 0.12720307 0.13255956\n",
      "  0.13473219 0.12645082 0.10224877 0.11068556 0.09427208]\n",
      " [0.09232557 0.10002682 0.08286404 0.08286197 0.08886095 0.10002259\n",
      "  0.09219512 0.10404934 0.11284944 0.07574497 0.10217216 0.1039538\n",
      "  0.101904   0.09382151 0.08347166 0.08732286 0.07937785]\n",
      " [0.09240122 0.09913793 0.08286197 0.08251232 0.08867997 0.09913917\n",
      "  0.09227983 0.10221675 0.1114532  0.07580268 0.10098522 0.10221675\n",
      "  0.10098522 0.0942455  0.08362614 0.08732286 0.0794335 ]\n",
      " [0.10292921 0.11472742 0.08886095 0.08867997 0.09804719 0.11201713\n",
      "  0.10333605 0.11716843 0.12815297 0.07825733 0.11472742 0.11467157\n",
      "  0.11506664 0.10496338 0.09106796 0.09641985 0.08352093]\n",
      " [0.11610942 0.13123209 0.10002259 0.09913917 0.11201713 0.13180516\n",
      "  0.12341463 0.13811837 0.15294189 0.08882521 0.12893983 0.1332741\n",
      "  0.13722792 0.12854314 0.1018974  0.1080046  0.09457041]\n",
      " [0.10780488 0.12400733 0.09219512 0.09227983 0.10333605 0.12341463\n",
      "  0.11073171 0.12785388 0.14110184 0.08141218 0.12068966 0.12394546\n",
      "  0.12634146 0.11641625 0.09276177 0.10149368 0.0874105 ]\n",
      " [0.12158055 0.13584475 0.10404934 0.10221675 0.11716843 0.13811837\n",
      "  0.12785388 0.14212329 0.15410959 0.09261918 0.13115651 0.13690719\n",
      "  0.13970182 0.13127854 0.10681658 0.11280712 0.09817352]\n",
      " [0.13419048 0.14844227 0.11284944 0.1114532  0.12815297 0.15294189\n",
      "  0.14110184 0.15410959 0.17461431 0.09677419 0.14559387 0.14749\n",
      "  0.15416812 0.14615782 0.11500701 0.1229414  0.10501193]\n",
      " [0.08241758 0.08773917 0.07574497 0.07580268 0.07825733 0.08882521\n",
      "  0.08141218 0.09261918 0.09677419 0.06825866 0.08994593 0.09240338\n",
      "  0.09221425 0.08601014 0.07626823 0.07734573 0.07299928]\n",
      " [0.1179704  0.12720307 0.10217216 0.10098522 0.11472742 0.12893983\n",
      "  0.12068966 0.13115651 0.14559387 0.08994593 0.12413793 0.12840049\n",
      "  0.13086692 0.12140596 0.10498084 0.11070669 0.09607291]\n",
      " [0.1190582  0.13255956 0.1039538  0.10221675 0.11467157 0.1332741\n",
      "  0.12394546 0.13690719 0.14749    0.09240338 0.12840049 0.13371835\n",
      "  0.13638383 0.12804479 0.10689362 0.11145155 0.09660311]\n",
      " [0.11893394 0.13473219 0.101904   0.10098522 0.11506664 0.13722792\n",
      "  0.12634146 0.13970182 0.15416812 0.09221425 0.13086692 0.13638383\n",
      "  0.13859746 0.13086692 0.10561453 0.1109884  0.0966317 ]\n",
      " [0.11023906 0.12645082 0.09382151 0.0942455  0.10496338 0.12854314\n",
      "  0.11641625 0.13127854 0.14615782 0.08601014 0.12140596 0.12804479\n",
      "  0.13086692 0.1180778  0.09522136 0.10340866 0.09061785]\n",
      " [0.09276177 0.10224877 0.08347166 0.08362614 0.09106796 0.1018974\n",
      "  0.09276177 0.10681658 0.11500701 0.07626823 0.10498084 0.10689362\n",
      "  0.10561453 0.09522136 0.08397751 0.08887577 0.0803572 ]\n",
      " [0.09986228 0.11068556 0.08732286 0.08732286 0.09641985 0.1080046\n",
      "  0.10149368 0.11280712 0.1229414  0.07734573 0.11070669 0.11145155\n",
      "  0.1109884  0.10340866 0.08887577 0.0926848  0.08263723]\n",
      " [0.08807091 0.09427208 0.07937785 0.0794335  0.08352093 0.09457041\n",
      "  0.0874105  0.09817352 0.10501193 0.07299928 0.09607291 0.09660311\n",
      "  0.0966317  0.09061785 0.0803572  0.08263723 0.07667064]]\n"
     ]
    }
   ],
   "source": [
    "## ----------- MEDIAN ABSOLUTE DEVIATION (MAD) correlation matrix ---------------\n",
    "\n",
    "def compute_median_absolute_deviation(df):\n",
    "    return df.apply(lambda col: np.absolute(col - col.median()))\n",
    "\n",
    "def generate_corr_elems(columns):\n",
    "    comb = permutations(columns, 2)\n",
    "    perms = list(comb)\n",
    "    diag = [(col, col) for col in columns]\n",
    "    return diag + perms\n",
    "\n",
    "def compute_corr_matrix_values(df, corr_elems):\n",
    "    corr_values = []\n",
    "    for elem in corr_elems:\n",
    "        corr_values.append(df[elem[0]].append(df[elem[1]], ignore_index=True).median(axis=0))\n",
    "    return corr_values\n",
    "\n",
    "def construct_corr_matrix(corr_values, num_columns):\n",
    "    matrix = np.diag(corr_values[:num_columns])\n",
    "    k = 0\n",
    "    for i in range(num_columns):\n",
    "        for j in range(num_columns):\n",
    "            if i != j:\n",
    "                matrix[i, j] = corr_values[num_columns:][k]\n",
    "                k += 1\n",
    "    return matrix\n",
    "\n",
    "# Compute the Median Absolute Deviation\n",
    "x_MAD = compute_median_absolute_deviation(x)\n",
    "print(f'\\n ---> Median Absolute Deviation : \\n\\n{x_MAD}')\n",
    "\n",
    "# Generate the correlation matrix elements\n",
    "corr_elems = generate_corr_elems(x_MAD.columns)\n",
    "print(f'\\n ---> The elements of the corr matrix are : \\n\\n{corr_elems}')\n",
    "\n",
    "# Compute the correlation matrix values\n",
    "corr_values = compute_corr_matrix_values(x_MAD, corr_elems)\n",
    "print(f'\\n ---> The values of the corr_elems are : \\n')\n",
    "for i, value in zip(corr_elems, corr_values):\n",
    "    print(f'*The median of the columns ({i[0]},{i[1]}) -> {value}')\n",
    "\n",
    "# Construct the correlation matrix\n",
    "corr_matrix = construct_corr_matrix(corr_values, x_MAD.shape[1])\n",
    "print(f'\\n ---> Correlation matrix : \\n\\n{corr_matrix}')"
   ]
  },
  {
   "cell_type": "code",
   "execution_count": 4,
   "metadata": {},
   "outputs": [
    {
     "name": "stdout",
     "output_type": "stream",
     "text": [
      "Eigenvalues:\n",
      "[ 1.87306278e+00  3.46046070e-02  8.68195845e-03  5.28210431e-03\n",
      "  2.09006992e-03  1.49751841e-03  8.14223714e-04 -3.33538786e-04\n",
      " -5.27148432e-04 -9.44135187e-04 -1.54295206e-03 -2.26449666e-03\n",
      " -2.44057438e-03 -3.52244504e-03 -4.21711828e-03 -5.65272666e-03\n",
      " -1.17054738e-02]\n",
      "\n",
      "Eigenvectors:\n",
      "[[ 0.23765327  0.0738514   0.29232093 -0.03603482 -0.31168563  0.01316879\n",
      "   0.01010915  0.0564459   0.59101182  0.15202487  0.12142265 -0.40083637\n",
      "   0.23575177  0.27111113  0.10867125 -0.0135427   0.24862503]\n",
      " [ 0.26365857 -0.13961578  0.14408104  0.32359405 -0.27064549  0.22041403\n",
      "  -0.10834006 -0.10835187  0.08037053 -0.02988918 -0.14352142  0.15434975\n",
      "  -0.32025163 -0.1766112   0.61323894  0.02497214 -0.27927918]\n",
      " [ 0.20619801  0.31111236  0.01130722 -0.11703197  0.06745465 -0.09093647\n",
      "   0.69910109 -0.41309796  0.01673834 -0.24592977 -0.06283561  0.06831862\n",
      "  -0.21695114  0.13119406  0.08198327  0.1402521   0.12085673]\n",
